0 0.344727 0.197754 0.085938 0.094727
0 0.447754 0.188477 0.104492 0.076172
0 0.564453 0.183594 0.101562 0.078125
0 0.673828 0.186035 0.078125 0.084961
0 0.331055 0.278320 0.082031 0.078125
0 0.441895 0.270508 0.106445 0.078125
0 0.559082 0.273438 0.102539 0.080078
0 0.673340 0.278809 0.092773 0.083008
0 0.332031 0.379395 0.103516 0.081055
0 0.450684 0.383789 0.114258 0.083984
0 0.572266 0.374023 0.115234 0.087891
0 0.681641 0.375488 0.121094 0.086914
0 0.320312 0.494629 0.101562 0.094727
0 0.432129 0.484375 0.098633 0.099609
0 0.568848 0.478516 0.129883 0.091797
0 0.696289 0.473145 0.093750 0.086914
0 0.315430 0.603516 0.117188 0.093750
0 0.440430 0.604492 0.123047 0.107422
0 0.582031 0.602051 0.132812 0.108398
0 0.704102 0.602051 0.083984 0.108398
0 0.280762 0.740234 0.112305 0.117188
0 0.423828 0.745117 0.136719 0.117188
0 0.576172 0.747070 0.103516 0.109375
0 0.713379 0.748535 0.116211 0.141602
0 0.283691 0.875488 0.092773 0.071289
0 0.428711 0.875977 0.150391 0.085938
0 0.603516 0.879883 0.134766 0.097656
0 0.768555 0.875488 0.173828 0.088867
